# Camera list with one line of data per camera:
#   CAMERA_ID, MODEL, WIDTH, HEIGHT, PARAMS[]
# Number of cameras: 832
1 SIMPLE_RADIAL 512 512 501.79150599606561 256 256 0.081945032184761318
2 SIMPLE_RADIAL 512 512 502.32862545029565 256 256 0.083125222239308585
3 SIMPLE_RADIAL 512 512 501.86932329999939 256 256 0.084023050208422656
4 SIMPLE_RADIAL 512 512 502.08759267444668 256 256 0.083569232689156378
5 SIMPLE_RADIAL 512 512 502.2131579043172 256 256 0.080718396523388844
6 SIMPLE_RADIAL 512 512 502.67699647832711 256 256 0.082125673008980937
7 SIMPLE_RADIAL 512 512 502.02418148634149 256 256 0.083539059247721717
8 SIMPLE_RADIAL 512 512 502.09352756944776 256 256 0.084628856433943161
9 SIMPLE_RADIAL 512 512 502.348740634894 256 256 0.083849147182391781
10 SIMPLE_RADIAL 512 512 502.8734216793552 256 256 0.086193413685486872
11 SIMPLE_RADIAL 512 512 502.04499919814594 256 256 0.08583773082480349
12 SIMPLE_RADIAL 512 512 502.83088025688431 256 256 0.087513253130312316
13 SIMPLE_RADIAL 512 512 504.60898476159991 256 256 0.089399041670294443
14 SIMPLE_RADIAL 512 512 502.01707851905235 256 256 0.085072210219250766
15 SIMPLE_RADIAL 512 512 502.05434625517864 256 256 0.084170827951970617
16 SIMPLE_RADIAL 512 512 502.11975347275967 256 256 0.083420298384302663
17 SIMPLE_RADIAL 512 512 502.00124020711235 256 256 0.084100211805034686
18 SIMPLE_RADIAL 512 512 503.03002994052696 256 256 0.085282957355910488
19 SIMPLE_RADIAL 512 512 502.84713492716264 256 256 0.086504274207409221
20 SIMPLE_RADIAL 512 512 502.39567498888533 256 256 0.085229578160174443
21 SIMPLE_RADIAL 512 512 502.46992943430473 256 256 0.08479172432837348
22 SIMPLE_RADIAL 512 512 502.20887363418308 256 256 0.085647607793902555
23 SIMPLE_RADIAL 512 512 502.74714917699293 256 256 0.085473051019510096
24 SIMPLE_RADIAL 512 512 502.28656753091786 256 256 0.082824583260235007
25 SIMPLE_RADIAL 512 512 502.69105013489684 256 256 0.083261323324470907
26 SIMPLE_RADIAL 512 512 501.94088341828177 256 256 0.083528016040291406
27 SIMPLE_RADIAL 512 512 503.26453494481808 256 256 0.08479602761550431
28 SIMPLE_RADIAL 512 512 502.67997110206784 256 256 0.084924405327595542
29 SIMPLE_RADIAL 512 512 503.56346012775839 256 256 0.085403783937308686
30 SIMPLE_RADIAL 512 512 503.105670493432 256 256 0.085377133866652091
31 SIMPLE_RADIAL 512 512 502.82120930237767 256 256 0.086047430472766986
32 SIMPLE_RADIAL 512 512 502.17747125803504 256 256 0.084273068237040089
33 SIMPLE_RADIAL 512 512 502.81367307186451 256 256 0.082601899403471638
34 SIMPLE_RADIAL 512 512 502.48228183213132 256 256 0.081492220525719791
35 SIMPLE_RADIAL 512 512 503.57843398827663 256 256 0.085006104889186029
36 SIMPLE_RADIAL 512 512 504.42273539269758 256 256 0.083433073905113023
37 SIMPLE_RADIAL 512 512 502.33168676312403 256 256 0.082754065380534203
38 SIMPLE_RADIAL 512 512 500.6048842829673 256 256 0.082917386291748274
39 SIMPLE_RADIAL 512 512 500.49032787529507 256 256 0.083185783175511438
40 SIMPLE_RADIAL 512 512 500.92654717180858 256 256 0.082995400015535042
41 SIMPLE_RADIAL 512 512 501.59366784042322 256 256 0.083449245345307788
42 SIMPLE_RADIAL 512 512 502.24343754165892 256 256 0.085262662333248487
43 SIMPLE_RADIAL 512 512 503.57032849576507 256 256 0.083952506983818856
44 SIMPLE_RADIAL 512 512 502.5544378281848 256 256 0.084895266279606946
45 SIMPLE_RADIAL 512 512 504.23722427087074 256 256 0.086856551645806274
46 SIMPLE_RADIAL 512 512 505.90012235392317 256 256 0.086318186105369052
47 SIMPLE_RADIAL 512 512 506.73953386572623 256 256 0.087016369827956977
48 SIMPLE_RADIAL 512 512 507.17157424753401 256 256 0.087659520451298309
49 SIMPLE_RADIAL 512 512 506.51886550180035 256 256 0.08796970475952709
50 SIMPLE_RADIAL 512 512 507.64756050516314 256 256 0.088858754701727438
51 SIMPLE_RADIAL 512 512 506.54866118069208 256 256 0.088775634841668685
52 SIMPLE_RADIAL 512 512 507.38774892760841 256 256 0.091473345382109619
53 SIMPLE_RADIAL 512 512 508.67785806526757 256 256 0.093776456032713534
54 SIMPLE_RADIAL 512 512 507.99348126216137 256 256 0.090151387836363617
55 SIMPLE_RADIAL 512 512 509.14493759281839 256 256 0.08782005996197198
56 SIMPLE_RADIAL 512 512 508.76945365111743 256 256 0.087776170218157465
57 SIMPLE_RADIAL 512 512 510.98557891853608 256 256 0.088008039765195265
58 SIMPLE_RADIAL 512 512 511.34859598364693 256 256 0.084082052381540512
59 SIMPLE_RADIAL 512 512 511.73646645441812 256 256 0.080015972388135279
60 SIMPLE_RADIAL 512 512 514.43265164521995 256 256 0.084780672174962893
61 SIMPLE_RADIAL 512 512 514.82312486705348 256 256 0.08559675994091144
62 SIMPLE_RADIAL 512 512 514.74176592133347 256 256 0.092914361297443446
63 SIMPLE_RADIAL 512 512 518.97026928761477 256 256 0.096009994271878576
64 SIMPLE_RADIAL 512 512 518.21616616706217 256 256 0.090706691347413812
65 SIMPLE_RADIAL 512 512 522.29818122976269 256 256 0.098083103492629664
66 SIMPLE_RADIAL 512 512 525.0256789231737 256 256 0.10433502835895951
67 SIMPLE_RADIAL 512 512 524.32565517236708 256 256 0.10386686864014108
68 SIMPLE_RADIAL 512 512 527.46057067931736 256 256 0.1054548571112302
69 SIMPLE_RADIAL 512 512 528.62073394860943 256 256 0.11211629627577406
70 SIMPLE_RADIAL 512 512 530.47257179247367 256 256 0.11448892934897185
71 SIMPLE_RADIAL 512 512 531.09139774203084 256 256 0.11848239546548689
72 SIMPLE_RADIAL 512 512 530.3866589584452 256 256 0.1186000810030189
73 SIMPLE_RADIAL 512 512 531.07632086765068 256 256 0.11261198434787657
74 SIMPLE_RADIAL 512 512 532.32488392020548 256 256 0.11731519380104888
75 SIMPLE_RADIAL 512 512 533.34965688149475 256 256 0.12050509709258661
76 SIMPLE_RADIAL 512 512 534.49970602766803 256 256 0.12357943459990677
77 SIMPLE_RADIAL 512 512 534.04101141325384 256 256 0.12330945048223452
78 SIMPLE_RADIAL 512 512 533.61803015378234 256 256 0.11927420812437278
79 SIMPLE_RADIAL 512 512 533.94672960306912 256 256 0.12088185658750382
80 SIMPLE_RADIAL 512 512 537.17780677230542 256 256 0.12607372000009215
81 SIMPLE_RADIAL 512 512 538.27466194506451 256 256 0.12700380896666302
82 SIMPLE_RADIAL 512 512 537.76047109045805 256 256 0.12456953528366899
83 SIMPLE_RADIAL 512 512 541.65016240024363 256 256 0.13161861700324937
84 SIMPLE_RADIAL 512 512 541.46898739984056 256 256 0.12151534411819985
85 SIMPLE_RADIAL 512 512 545.75214918071231 256 256 0.13424847080279023
86 SIMPLE_RADIAL 512 512 548.79841190312402 256 256 0.12474374722886533
87 SIMPLE_RADIAL 512 512 549.36029209071069 256 256 0.13855473398783333
88 SIMPLE_RADIAL 512 512 546.90574119878022 256 256 0.12865590720096401
89 SIMPLE_RADIAL 512 512 547.17604261630493 256 256 0.12986027501887554
90 SIMPLE_RADIAL 512 512 547.88789934224485 256 256 0.12911455408948264
91 SIMPLE_RADIAL 512 512 548.47432855897603 256 256 0.12281872706999461
92 SIMPLE_RADIAL 512 512 551.47099768108365 256 256 0.13125374307543755
93 SIMPLE_RADIAL 512 512 553.9890489105818 256 256 0.14221286591930779
94 SIMPLE_RADIAL 512 512 553.87506870139259 256 256 0.14404623167175373
95 SIMPLE_RADIAL 512 512 554.4034737218949 256 256 0.13238054487470624
96 SIMPLE_RADIAL 512 512 554.38703106807168 256 256 0.12484075527749419
97 SIMPLE_RADIAL 512 512 555.11741018911835 256 256 0.13444945629849056
98 SIMPLE_RADIAL 512 512 559.03411947908421 256 256 0.12792885253246422
99 SIMPLE_RADIAL 512 512 560.78473344813972 256 256 0.13025276366294392
100 SIMPLE_RADIAL 512 512 560.51367963843268 256 256 0.12891080062388952
101 SIMPLE_RADIAL 512 512 555.48082191329547 256 256 0.13594291081011628
102 SIMPLE_RADIAL 512 512 562.48763497379639 256 256 0.13404275127166249
103 SIMPLE_RADIAL 512 512 564.58130488746281 256 256 0.12410005150429969
104 SIMPLE_RADIAL 512 512 567.99957500275502 256 256 0.12835686011686356
105 SIMPLE_RADIAL 512 512 566.29993311656415 256 256 0.12836508372035679
106 SIMPLE_RADIAL 512 512 566.01418746921706 256 256 0.12205008914982217
107 SIMPLE_RADIAL 512 512 564.36698698899283 256 256 0.12686339628221008
108 SIMPLE_RADIAL 512 512 565.52612177159449 256 256 0.11115726673751306
109 SIMPLE_RADIAL 512 512 563.98354393101488 256 256 0.10999871108431579
110 SIMPLE_RADIAL 512 512 564.00198913489453 256 256 0.10798880432006182
111 SIMPLE_RADIAL 512 512 563.72822956974767 256 256 0.1035271904003599
112 SIMPLE_RADIAL 512 512 562.96764891874659 256 256 0.097184033894576555
113 SIMPLE_RADIAL 512 512 563.23034212502728 256 256 0.094342507811248241
114 SIMPLE_RADIAL 512 512 565.94957115100749 256 256 0.086310513594966026
115 SIMPLE_RADIAL 512 512 565.01388826456355 256 256 0.08338984622240643
116 SIMPLE_RADIAL 512 512 567.03917674106572 256 256 0.080126666764511162
117 SIMPLE_RADIAL 512 512 566.99609919279317 256 256 0.073776073016548885
118 SIMPLE_RADIAL 512 512 566.12501307053003 256 256 0.081174420349573187
119 SIMPLE_RADIAL 512 512 564.91121174015791 256 256 0.059184214496720657
120 SIMPLE_RADIAL 512 512 566.26502586135905 256 256 0.065036778470953197
121 SIMPLE_RADIAL 512 512 566.1332420831809 256 256 0.05694296367427544
122 SIMPLE_RADIAL 512 512 567.39898587369942 256 256 0.05105980932532253
123 SIMPLE_RADIAL 512 512 565.93530229685916 256 256 0.034904916051269476
124 SIMPLE_RADIAL 512 512 568.29140731714199 256 256 0.028388976419154721
125 SIMPLE_RADIAL 512 512 570.72160981997899 256 256 0.014231760989138243
126 SIMPLE_RADIAL 512 512 569.23754606613011 256 256 0.012734248788118978
127 SIMPLE_RADIAL 512 512 570.14788735194452 256 256 0.023237282474568903
128 SIMPLE_RADIAL 512 512 569.83613450108078 256 256 0.0054399738490087573
129 SIMPLE_RADIAL 512 512 571.07075784801395 256 256 0.0009593733217299643
130 SIMPLE_RADIAL 512 512 572.55864151742367 256 256 -0.00088997067083565495
131 SIMPLE_RADIAL 512 512 570.21357684152713 256 256 -0.0044089313744563137
132 SIMPLE_RADIAL 512 512 567.90871980451584 256 256 -0.0024324887221655891
133 SIMPLE_RADIAL 512 512 567.38707981162975 256 256 -0.001530622695493194
134 SIMPLE_RADIAL 512 512 566.8478733842428 256 256 -0.018629175076324962
135 SIMPLE_RADIAL 512 512 567.14890194663792 256 256 -0.0059348908684304759
136 SIMPLE_RADIAL 512 512 567.70707418839868 256 256 -0.0052478842095894226
137 SIMPLE_RADIAL 512 512 565.45473309498163 256 256 -0.0024128509060907387
138 SIMPLE_RADIAL 512 512 568.78568084828123 256 256 -0.011767808458584756
139 SIMPLE_RADIAL 512 512 568.72404000593838 256 256 -0.016938209769331226
140 SIMPLE_RADIAL 512 512 568.37999898880287 256 256 -0.024371775222350876
141 SIMPLE_RADIAL 512 512 573.23632841121366 256 256 -0.033447776772925979
142 SIMPLE_RADIAL 512 512 573.15464058479643 256 256 -0.034454738527335792
143 SIMPLE_RADIAL 512 512 576.34928401766501 256 256 -0.052491784715272632
144 SIMPLE_RADIAL 512 512 573.26217344637575 256 256 -0.046106875754134885
145 SIMPLE_RADIAL 512 512 576.35197012939466 256 256 -0.054667007014471719
146 SIMPLE_RADIAL 512 512 575.72730736929145 256 256 -0.062430984660275926
147 SIMPLE_RADIAL 512 512 582.10776919754528 256 256 -0.063011054420419987
148 SIMPLE_RADIAL 512 512 576.83201782830088 256 256 -0.048863877669973008
149 SIMPLE_RADIAL 512 512 575.75188445529534 256 256 -0.051708210579334911
150 SIMPLE_RADIAL 512 512 575.90695969898604 256 256 -0.06130349002276432
151 SIMPLE_RADIAL 512 512 577.35567653208307 256 256 -0.061930183663256637
152 SIMPLE_RADIAL 512 512 578.92575811111556 256 256 -0.067053646645061221
153 SIMPLE_RADIAL 512 512 581.01024858217147 256 256 -0.06974270984417226
154 SIMPLE_RADIAL 512 512 578.69548977863724 256 256 -0.07508134532740933
155 SIMPLE_RADIAL 512 512 577.09832612872958 256 256 -0.075070358153392427
156 SIMPLE_RADIAL 512 512 578.22807005820584 256 256 -0.07595675129671535
157 SIMPLE_RADIAL 512 512 578.17774823224477 256 256 -0.076923577338435953
158 SIMPLE_RADIAL 512 512 580.1460625636729 256 256 -0.081079064596544057
159 SIMPLE_RADIAL 512 512 579.9606372296945 256 256 -0.075516687786152351
160 SIMPLE_RADIAL 512 512 577.30812297916395 256 256 -0.071668525682612588
161 SIMPLE_RADIAL 512 512 575.89874206338652 256 256 -0.073616059347812596
162 SIMPLE_RADIAL 512 512 576.67007991249045 256 256 -0.067721658195138812
163 SIMPLE_RADIAL 512 512 577.27962221779705 256 256 -0.068897106543014522
164 SIMPLE_RADIAL 512 512 579.75660325159879 256 256 -0.06682228837414507
165 SIMPLE_RADIAL 512 512 579.31480108593564 256 256 -0.062777776483381245
166 SIMPLE_RADIAL 512 512 576.69557058111354 256 256 -0.061605282893861933
167 SIMPLE_RADIAL 512 512 581.53064157471499 256 256 -0.069699166179501365
168 SIMPLE_RADIAL 512 512 583.58451359493438 256 256 -0.067733383268695102
169 SIMPLE_RADIAL 512 512 581.09403240946983 256 256 -0.05886533746417151
170 SIMPLE_RADIAL 512 512 578.15382074180911 256 256 -0.061156645858667084
171 SIMPLE_RADIAL 512 512 573.90383386128337 256 256 -0.061208420600394046
172 SIMPLE_RADIAL 512 512 574.23376871117159 256 256 -0.054270939393780734
173 SIMPLE_RADIAL 512 512 568.45010129881962 256 256 -0.041948471804675383
174 SIMPLE_RADIAL 512 512 568.76229671250974 256 256 -0.036330080765688139
175 SIMPLE_RADIAL 512 512 569.44954210490096 256 256 -0.027479084113627178
176 SIMPLE_RADIAL 512 512 568.76146606722023 256 256 -0.025039021680944098
177 SIMPLE_RADIAL 512 512 569.61631064171513 256 256 -0.020529708455416372
178 SIMPLE_RADIAL 512 512 567.16510332778569 256 256 -0.0091077420835894429
179 SIMPLE_RADIAL 512 512 569.16885291392782 256 256 -0.0098318037037311602
180 SIMPLE_RADIAL 512 512 562.04185065486945 256 256 0.0092603822487001396
181 SIMPLE_RADIAL 512 512 564.47607457310687 256 256 0.022372052427954564
182 SIMPLE_RADIAL 512 512 566.18468424352932 256 256 0.036353797683099959
183 SIMPLE_RADIAL 512 512 559.10134294706654 256 256 0.076769993456480945
184 SIMPLE_RADIAL 512 512 558.27349338912506 256 256 0.046702284353531791
185 SIMPLE_RADIAL 512 512 557.98799355680103 256 256 0.051374547863596548
186 SIMPLE_RADIAL 512 512 560.25371820963676 256 256 0.06756140130170471
187 SIMPLE_RADIAL 512 512 553.94350688959344 256 256 0.05476709003749887
188 SIMPLE_RADIAL 512 512 549.31263864689015 256 256 0.069201883474875159
189 SIMPLE_RADIAL 512 512 548.86112352750331 256 256 0.08348156579061386
190 SIMPLE_RADIAL 512 512 551.39740282584057 256 256 0.066778140872737618
191 SIMPLE_RADIAL 512 512 548.13017237185375 256 256 0.080376350564087276
192 SIMPLE_RADIAL 512 512 549.53201625937265 256 256 0.091241998277087982
193 SIMPLE_RADIAL 512 512 548.85081154780119 256 256 0.08883286934098919
194 SIMPLE_RADIAL 512 512 553.18411462146582 256 256 0.089824566930454167
195 SIMPLE_RADIAL 512 512 550.83247282941284 256 256 0.098299420808784427
196 SIMPLE_RADIAL 512 512 550.55378076826389 256 256 0.10266915904152542
197 SIMPLE_RADIAL 512 512 550.62388559380281 256 256 0.10631942884303355
198 SIMPLE_RADIAL 512 512 545.71345903009319 256 256 0.10649262087140028
199 SIMPLE_RADIAL 512 512 546.7448990621225 256 256 0.094655744849031623
200 SIMPLE_RADIAL 512 512 543.29357188185577 256 256 0.10736600052906214
201 SIMPLE_RADIAL 512 512 543.50570662756161 256 256 0.10621896561391918
202 SIMPLE_RADIAL 512 512 542.81560043066941 256 256 0.11653813405246534
203 SIMPLE_RADIAL 512 512 539.72664278161312 256 256 0.12002319575821166
204 SIMPLE_RADIAL 512 512 537.68015168003285 256 256 0.11358168798569153
205 SIMPLE_RADIAL 512 512 534.88535858563785 256 256 0.11461749802932768
206 SIMPLE_RADIAL 512 512 528.28418986389283 256 256 0.14650999616214888
207 SIMPLE_RADIAL 512 512 524.0271541788527 256 256 0.12910787606292901
208 SIMPLE_RADIAL 512 512 531.55686257388618 256 256 0.095047135817526274
209 SIMPLE_RADIAL 512 512 525.05564413021591 256 256 0.095808657514968809
210 SIMPLE_RADIAL 512 512 523.12655719252325 256 256 0.099323830310950781
211 SIMPLE_RADIAL 512 512 523.18273865536582 256 256 0.10063666190056769
212 SIMPLE_RADIAL 512 512 532.4895864852499 256 256 0.11187341049899024
213 SIMPLE_RADIAL 512 512 542.00526751322411 256 256 0.09943488012924874
214 SIMPLE_RADIAL 512 512 542.19738447936561 256 256 0.11989658023651223
215 SIMPLE_RADIAL 512 512 544.34713716024942 256 256 0.12722321504256956
216 SIMPLE_RADIAL 512 512 540.41948907917742 256 256 0.14120217749335434
217 SIMPLE_RADIAL 512 512 539.44000894909993 256 256 0.18530548806088695
218 SIMPLE_RADIAL 512 512 539.2006723861864 256 256 0.19504248680821562
219 SIMPLE_RADIAL 512 512 542.67397645575841 256 256 0.17897523517504826
220 SIMPLE_RADIAL 512 512 540.33924603048399 256 256 0.16317084033377172
221 SIMPLE_RADIAL 512 512 534.87114427371125 256 256 0.13216993346564457
222 SIMPLE_RADIAL 512 512 537.85618219173512 256 256 0.130301027234695
223 SIMPLE_RADIAL 512 512 539.08212960293906 256 256 0.14113261246289424
224 SIMPLE_RADIAL 512 512 539.57536848724669 256 256 0.1299107190708744
225 SIMPLE_RADIAL 512 512 548.169476653571 256 256 0.095447104090775683
226 SIMPLE_RADIAL 512 512 537.42438436177508 256 256 0.095334767924107569
227 SIMPLE_RADIAL 512 512 539.6458442628084 256 256 0.11149897214149934
228 SIMPLE_RADIAL 512 512 547.22125410321541 256 256 0.1307655984746377
229 SIMPLE_RADIAL 512 512 547.76351968019173 256 256 0.13145770835234083
230 SIMPLE_RADIAL 512 512 547.28914842174959 256 256 0.13251756997180114
231 SIMPLE_RADIAL 512 512 542.19688219231409 256 256 0.12134997607538424
232 SIMPLE_RADIAL 512 512 530.519335211358 256 256 0.10105929743469654
233 SIMPLE_RADIAL 512 512 539.03222382773322 256 256 0.10851485817086465
234 SIMPLE_RADIAL 512 512 540.69880505395622 256 256 0.1241116850486834
235 SIMPLE_RADIAL 512 512 535.33296258747953 256 256 0.12941269429926516
236 SIMPLE_RADIAL 512 512 536.31358914952295 256 256 0.1150356683031738
237 SIMPLE_RADIAL 512 512 528.17321202340099 256 256 0.058019566585342935
238 SIMPLE_RADIAL 512 512 527.96743536687904 256 256 0.067564557006205728
239 SIMPLE_RADIAL 512 512 533.14219163266807 256 256 0.069455437714212684
240 SIMPLE_RADIAL 512 512 547.67574011851696 256 256 0.097276177791745841
241 SIMPLE_RADIAL 512 512 545.74358209128991 256 256 0.099190249043662707
242 SIMPLE_RADIAL 512 512 550.25767075162582 256 256 0.090955538102236763
243 SIMPLE_RADIAL 512 512 562.17679856613063 256 256 0.1089918459441348
244 SIMPLE_RADIAL 512 512 559.66795697454586 256 256 0.13266856751014888
245 SIMPLE_RADIAL 512 512 561.65614387254323 256 256 0.12438931466461171
246 SIMPLE_RADIAL 512 512 572.54374505347323 256 256 0.15833368532751979
247 SIMPLE_RADIAL 512 512 570.43078453796863 256 256 0.19334337786949862
248 SIMPLE_RADIAL 512 512 581.08520493770141 256 256 0.16427400129735417
249 SIMPLE_RADIAL 512 512 574.3569803941806 256 256 0.1442026013025508
250 SIMPLE_RADIAL 512 512 575.68645687352796 256 256 0.15927689657862437
251 SIMPLE_RADIAL 512 512 570.02278798610018 256 256 0.12177844825019729
252 SIMPLE_RADIAL 512 512 563.77759548127824 256 256 0.14466889259026539
253 SIMPLE_RADIAL 512 512 561.94954506243062 256 256 0.15163053943629395
254 SIMPLE_RADIAL 512 512 558.50840124541901 256 256 0.16242428467189682
255 SIMPLE_RADIAL 512 512 556.31791350409765 256 256 0.16365031147803749
256 SIMPLE_RADIAL 512 512 548.79051146615973 256 256 0.18397713740285013
257 SIMPLE_RADIAL 512 512 552.06675737593469 256 256 0.19890320171992215
258 SIMPLE_RADIAL 512 512 556.11067683344697 256 256 0.26452492358892049
259 SIMPLE_RADIAL 512 512 540.35043217289035 256 256 0.20555001082759183
260 SIMPLE_RADIAL 512 512 527.29852969075 256 256 0.17284958248786375
261 SIMPLE_RADIAL 512 512 539.48466670982452 256 256 0.20144326033314022
262 SIMPLE_RADIAL 512 512 543.57029186642103 256 256 0.19669747868331949
263 SIMPLE_RADIAL 512 512 563.5474118797257 256 256 0.24522401262949498
264 SIMPLE_RADIAL 512 512 542.54307739630576 256 256 0.21540691655312696
265 SIMPLE_RADIAL 512 512 541.22183883911316 256 256 0.21113396812080584
266 SIMPLE_RADIAL 512 512 540.27709257119091 256 256 0.15237087715186801
267 SIMPLE_RADIAL 512 512 531.03891780187303 256 256 0.14276090779475312
268 SIMPLE_RADIAL 512 512 539.29180863830322 256 256 0.15249456937305286
269 SIMPLE_RADIAL 512 512 543.41485873820568 256 256 0.13985158817246607
270 SIMPLE_RADIAL 512 512 547.85248480543794 256 256 0.16144118252872586
271 SIMPLE_RADIAL 512 512 547.15076481268909 256 256 0.14256395598988822
272 SIMPLE_RADIAL 512 512 551.06455628004585 256 256 0.14685139756205956
273 SIMPLE_RADIAL 512 512 549.01563293527306 256 256 0.15403699983903246
274 SIMPLE_RADIAL 512 512 550.39933564862963 256 256 0.15831667336988847
275 SIMPLE_RADIAL 512 512 546.2790656081778 256 256 0.16098858675785913
276 SIMPLE_RADIAL 512 512 540.31155265914197 256 256 0.15299791685575484
277 SIMPLE_RADIAL 512 512 546.11404755338231 256 256 0.15381325109439661
278 SIMPLE_RADIAL 512 512 560.87108113576301 256 256 0.20311894794618579
279 SIMPLE_RADIAL 512 512 563.25238094888391 256 256 0.19485403582302424
280 SIMPLE_RADIAL 512 512 554.40358793555572 256 256 0.17155114196273244
281 SIMPLE_RADIAL 512 512 561.46714022618028 256 256 0.16401165919825803
282 SIMPLE_RADIAL 512 512 560.20449231115163 256 256 0.17605047893911008
283 SIMPLE_RADIAL 512 512 566.13298076938304 256 256 0.20836384212513842
284 SIMPLE_RADIAL 512 512 560.33320856974569 256 256 0.17326178050385474
285 SIMPLE_RADIAL 512 512 563.67327514415535 256 256 0.19348050357999155
286 SIMPLE_RADIAL 512 512 557.40154016050462 256 256 0.16452140118141703
287 SIMPLE_RADIAL 512 512 557.15264122751421 256 256 0.16876178782695545
288 SIMPLE_RADIAL 512 512 547.13354527635272 256 256 0.14035427385104302
289 SIMPLE_RADIAL 512 512 551.28850995775588 256 256 0.1590444632580402
290 SIMPLE_RADIAL 512 512 556.11875508244532 256 256 0.17419309805091349
291 SIMPLE_RADIAL 512 512 544.85238340616422 256 256 0.16010819679328714
292 SIMPLE_RADIAL 512 512 550.16178996078986 256 256 0.16205167325212327
293 SIMPLE_RADIAL 512 512 548.52019600838628 256 256 0.14973258538347614
294 SIMPLE_RADIAL 512 512 543.70662878883866 256 256 0.14172387598992336
295 SIMPLE_RADIAL 512 512 545.23320624694963 256 256 0.14000571362809758
296 SIMPLE_RADIAL 512 512 548.68603733447492 256 256 0.13671080784060102
297 SIMPLE_RADIAL 512 512 547.55424684389493 256 256 0.1379109416434619
298 SIMPLE_RADIAL 512 512 547.22327785149594 256 256 0.13916695255183084
299 SIMPLE_RADIAL 512 512 549.86536350375241 256 256 0.15136355804354548
300 SIMPLE_RADIAL 512 512 552.180779721558 256 256 0.15581054676823947
301 SIMPLE_RADIAL 512 512 550.59300618896611 256 256 0.15382542963818022
302 SIMPLE_RADIAL 512 512 551.14256279167023 256 256 0.16039123459753918
303 SIMPLE_RADIAL 512 512 554.93597372530405 256 256 0.16766403019778925
304 SIMPLE_RADIAL 512 512 556.4766631989246 256 256 0.17298943243658563
305 SIMPLE_RADIAL 512 512 561.17990541029496 256 256 0.16143558882831838
306 SIMPLE_RADIAL 512 512 555.2507474973213 256 256 0.1494122302450101
307 SIMPLE_RADIAL 512 512 562.54765382194466 256 256 0.16745112450166108
308 SIMPLE_RADIAL 512 512 564.71877435545196 256 256 0.17329533968569574
309 SIMPLE_RADIAL 512 512 566.84213165876895 256 256 0.17541060219880036
310 SIMPLE_RADIAL 512 512 565.70263448021115 256 256 0.17563666895446908
311 SIMPLE_RADIAL 512 512 569.82108364624708 256 256 0.18354149382011462
312 SIMPLE_RADIAL 512 512 569.44343036187593 256 256 0.18141441338465242
313 SIMPLE_RADIAL 512 512 575.24521461035863 256 256 0.1947437616754942
314 SIMPLE_RADIAL 512 512 579.62386731643937 256 256 0.20435932252087413
315 SIMPLE_RADIAL 512 512 576.87108034121025 256 256 0.20569403175198209
316 SIMPLE_RADIAL 512 512 572.36699590254625 256 256 0.19894315947283092
317 SIMPLE_RADIAL 512 512 572.80748630405162 256 256 0.20082350776052071
318 SIMPLE_RADIAL 512 512 571.48000350152324 256 256 0.20543505707653556
319 SIMPLE_RADIAL 512 512 571.05865995762133 256 256 0.18839901742103793
320 SIMPLE_RADIAL 512 512 564.54363761842751 256 256 0.16705772507962763
321 SIMPLE_RADIAL 512 512 564.40138725547615 256 256 0.16994971205679504
322 SIMPLE_RADIAL 512 512 570.5846064056185 256 256 0.1838998870262103
323 SIMPLE_RADIAL 512 512 564.89322710138413 256 256 0.18614170410993003
324 SIMPLE_RADIAL 512 512 558.73128213479617 256 256 0.1661223854016364
325 SIMPLE_RADIAL 512 512 549.72034808956937 256 256 0.1687870769443118
326 SIMPLE_RADIAL 512 512 561.12656807992016 256 256 0.16058997845089296
327 SIMPLE_RADIAL 512 512 565.72919472016963 256 256 0.16552786703509753
328 SIMPLE_RADIAL 512 512 568.35573177525316 256 256 0.14604745203845257
329 SIMPLE_RADIAL 512 512 576.40860039583924 256 256 0.14766754580371277
330 SIMPLE_RADIAL 512 512 576.30240204694326 256 256 0.15724720382397181
331 SIMPLE_RADIAL 512 512 582.45727381087772 256 256 0.14510724943064082
332 SIMPLE_RADIAL 512 512 574.3553400895247 256 256 0.16726016933373794
333 SIMPLE_RADIAL 512 512 576.73133901191784 256 256 0.12677639835890619
334 SIMPLE_RADIAL 512 512 574.03133544877494 256 256 0.12883294474121421
335 SIMPLE_RADIAL 512 512 575.90018772498752 256 256 0.12492581111618517
336 SIMPLE_RADIAL 512 512 568.30546704237815 256 256 0.12145360330486407
337 SIMPLE_RADIAL 512 512 571.00472990081175 256 256 0.11712849763798115
338 SIMPLE_RADIAL 512 512 569.66292911196581 256 256 0.12581427097248399
339 SIMPLE_RADIAL 512 512 578.46804990770693 256 256 0.12249191453982615
340 SIMPLE_RADIAL 512 512 579.78329968250898 256 256 0.12523521860880957
341 SIMPLE_RADIAL 512 512 579.00776369575897 256 256 0.11564232109549777
342 SIMPLE_RADIAL 512 512 584.10121408915006 256 256 0.11856320497718054
343 SIMPLE_RADIAL 512 512 586.18846925521905 256 256 0.10632519563863368
344 SIMPLE_RADIAL 512 512 589.79353737737858 256 256 0.11433274046366813
345 SIMPLE_RADIAL 512 512 596.73604082686109 256 256 0.11247762567950552
346 SIMPLE_RADIAL 512 512 602.32942926034968 256 256 0.10991603032477555
347 SIMPLE_RADIAL 512 512 608.96948012385587 256 256 0.10500913218036263
348 SIMPLE_RADIAL 512 512 597.71872538662046 256 256 0.13985806846993976
349 SIMPLE_RADIAL 512 512 594.12571521186396 256 256 0.13619665723375707
350 SIMPLE_RADIAL 512 512 595.93954554095797 256 256 0.13806105703165555
351 SIMPLE_RADIAL 512 512 598.48471059905285 256 256 0.14324421696861853
352 SIMPLE_RADIAL 512 512 598.79533432421795 256 256 0.14028145106136272
353 SIMPLE_RADIAL 512 512 596.01513538440372 256 256 0.14145921469354178
354 SIMPLE_RADIAL 512 512 599.03298063254579 256 256 0.14329480526039542
355 SIMPLE_RADIAL 512 512 598.75218819726967 256 256 0.13442259214236851
356 SIMPLE_RADIAL 512 512 588.32658735804637 256 256 0.11164526064236896
357 SIMPLE_RADIAL 512 512 584.89545124766255 256 256 0.13552278862029857
358 SIMPLE_RADIAL 512 512 588.42338803890004 256 256 0.12130960474780457
359 SIMPLE_RADIAL 512 512 587.34421904752344 256 256 0.12638845834429613
360 SIMPLE_RADIAL 512 512 588.02587705452618 256 256 0.11676519689208259
361 SIMPLE_RADIAL 512 512 585.8564434550002 256 256 0.1242397205511568
362 SIMPLE_RADIAL 512 512 583.50965429091605 256 256 0.12620015337340329
363 SIMPLE_RADIAL 512 512 573.74742367929025 256 256 0.13346518839750171
364 SIMPLE_RADIAL 512 512 572.32199153881777 256 256 0.13185834568318147
365 SIMPLE_RADIAL 512 512 561.38521465824988 256 256 0.13225478400142779
366 SIMPLE_RADIAL 512 512 564.54684087634348 256 256 0.11571662734425543
367 SIMPLE_RADIAL 512 512 571.36476862147276 256 256 0.11317252534554911
368 SIMPLE_RADIAL 512 512 572.77576274244745 256 256 0.1131845549570757
369 SIMPLE_RADIAL 512 512 567.44917254906034 256 256 0.12272810469015771
370 SIMPLE_RADIAL 512 512 566.25277337441582 256 256 0.13042805659104517
371 SIMPLE_RADIAL 512 512 563.39267558545259 256 256 0.13673855456046136
372 SIMPLE_RADIAL 512 512 559.90213905264977 256 256 0.14571808020856392
373 SIMPLE_RADIAL 512 512 557.37741716968867 256 256 0.1446374196357369
374 SIMPLE_RADIAL 512 512 563.0056801713597 256 256 0.13430300466560796
375 SIMPLE_RADIAL 512 512 562.89005711129084 256 256 0.14013272935815066
376 SIMPLE_RADIAL 512 512 561.05503580233153 256 256 0.14074588827111414
377 SIMPLE_RADIAL 512 512 561.22392215864943 256 256 0.13895814437250353
378 SIMPLE_RADIAL 512 512 560.82787997262449 256 256 0.13246485962839422
379 SIMPLE_RADIAL 512 512 556.7230015996123 256 256 0.12587870906547957
380 SIMPLE_RADIAL 512 512 557.81829746635481 256 256 0.13550065368027517
381 SIMPLE_RADIAL 512 512 559.07223367624886 256 256 0.13626745340118487
382 SIMPLE_RADIAL 512 512 561.8483515043464 256 256 0.13243426080015266
383 SIMPLE_RADIAL 512 512 563.77631930854443 256 256 0.14471416217433694
384 SIMPLE_RADIAL 512 512 565.32108827096522 256 256 0.1504305916247517
385 SIMPLE_RADIAL 512 512 568.30512331182717 256 256 0.15705015115506754
386 SIMPLE_RADIAL 512 512 570.09419132941844 256 256 0.16955297522783364
387 SIMPLE_RADIAL 512 512 572.2577305601643 256 256 0.1789850468829503
388 SIMPLE_RADIAL 512 512 575.925771237351 256 256 0.21945501737696599
389 SIMPLE_RADIAL 512 512 535.16531224596747 256 256 0.039895611334686304
390 SIMPLE_RADIAL 512 512 533.37822429223252 256 256 0.051119006632390149
391 SIMPLE_RADIAL 512 512 536.3163813677088 256 256 0.05362138504428958
392 SIMPLE_RADIAL 512 512 536.77657187666352 256 256 0.046663191612014779
393 SIMPLE_RADIAL 512 512 538.78161215229932 256 256 0.05057857977095806
394 SIMPLE_RADIAL 512 512 534.22713939718244 256 256 0.057576436425061175
395 SIMPLE_RADIAL 512 512 538.34822328498581 256 256 0.061878141200488651
396 SIMPLE_RADIAL 512 512 538.55391033724163 256 256 0.063274100123840743
397 SIMPLE_RADIAL 512 512 537.99081173085392 256 256 0.068209693887247042
398 SIMPLE_RADIAL 512 512 533.01653122349842 256 256 0.073621378450909103
399 SIMPLE_RADIAL 512 512 529.37016687080416 256 256 0.070809487467938678
400 SIMPLE_RADIAL 512 512 526.16674989127443 256 256 0.062327620464892437
401 SIMPLE_RADIAL 512 512 526.42902427618844 256 256 0.067711572056288874
402 SIMPLE_RADIAL 512 512 528.22711049059262 256 256 0.072060125969440586
403 SIMPLE_RADIAL 512 512 527.99025485401455 256 256 0.0627089686741618
404 SIMPLE_RADIAL 512 512 526.21666870942522 256 256 0.060778332747251841
405 SIMPLE_RADIAL 512 512 522.94615607884407 256 256 0.068398317850612289
406 SIMPLE_RADIAL 512 512 522.32862391361789 256 256 0.071516914063839809
407 SIMPLE_RADIAL 512 512 524.11345037913475 256 256 0.07085549508496819
408 SIMPLE_RADIAL 512 512 526.00443826133767 256 256 0.071108927551672904
409 SIMPLE_RADIAL 512 512 524.8781312220965 256 256 0.084566582172529881
410 SIMPLE_RADIAL 512 512 525.61238577262145 256 256 0.076590632595950656
411 SIMPLE_RADIAL 512 512 525.13387355754662 256 256 0.083186934850421543
412 SIMPLE_RADIAL 512 512 526.68031332090004 256 256 0.085025942394194601
413 SIMPLE_RADIAL 512 512 519.02217906571684 256 256 0.083807147795894155
414 SIMPLE_RADIAL 512 512 521.94920892013306 256 256 0.088040460508330656
415 SIMPLE_RADIAL 512 512 520.76384971649031 256 256 0.088340877963336076
416 SIMPLE_RADIAL 512 512 517.51156284583294 256 256 0.08671477567890995
417 SIMPLE_RADIAL 512 512 517.82576047365421 256 256 0.087317386472224229
418 SIMPLE_RADIAL 512 512 516.49035096342993 256 256 0.098735882870164285
419 SIMPLE_RADIAL 512 512 518.57503577885893 256 256 0.10030150786885113
420 SIMPLE_RADIAL 512 512 517.9178456941878 256 256 0.094532984061044475
421 SIMPLE_RADIAL 512 512 520.03770038269965 256 256 0.092539828479558717
422 SIMPLE_RADIAL 512 512 520.59030359942949 256 256 0.092747128343756327
423 SIMPLE_RADIAL 512 512 512.72001353561916 256 256 0.069740757863955546
424 SIMPLE_RADIAL 512 512 517.06641465820485 256 256 0.086586749563352494
425 SIMPLE_RADIAL 512 512 518.68602819560749 256 256 0.093119453609226341
426 SIMPLE_RADIAL 512 512 516.08797598371666 256 256 0.096062327377572532
427 SIMPLE_RADIAL 512 512 518.98256342911236 256 256 0.097190515169886568
428 SIMPLE_RADIAL 512 512 524.93090386274537 256 256 0.10020253044552785
429 SIMPLE_RADIAL 512 512 519.5874907021763 256 256 0.10344535340235711
430 SIMPLE_RADIAL 512 512 520.22393646152864 256 256 0.10169867349791752
431 SIMPLE_RADIAL 512 512 522.20595317422999 256 256 0.094211535359517901
432 SIMPLE_RADIAL 512 512 523.07161842119285 256 256 0.082316165676129024
433 SIMPLE_RADIAL 512 512 521.77703228124915 256 256 0.10057592493142316
434 SIMPLE_RADIAL 512 512 517.29979838117936 256 256 0.10563594156677554
435 SIMPLE_RADIAL 512 512 519.89773684841236 256 256 0.11122407591808593
436 SIMPLE_RADIAL 512 512 515.1986488722016 256 256 0.11656019990099599
437 SIMPLE_RADIAL 512 512 520.00393917562428 256 256 0.11555583797534767
438 SIMPLE_RADIAL 512 512 518.39377961940716 256 256 0.11510392401356394
439 SIMPLE_RADIAL 512 512 520.07045581073976 256 256 0.11943909982675564
440 SIMPLE_RADIAL 512 512 518.28609434688826 256 256 0.12113596083539853
441 SIMPLE_RADIAL 512 512 516.82762673397599 256 256 0.11738640820327646
442 SIMPLE_RADIAL 512 512 519.99845772484184 256 256 0.13306395934227325
443 SIMPLE_RADIAL 512 512 522.19911466055225 256 256 0.11617676341556053
444 SIMPLE_RADIAL 512 512 527.34808934025352 256 256 0.12346347903461778
445 SIMPLE_RADIAL 512 512 527.7587440071452 256 256 0.13056143780097612
446 SIMPLE_RADIAL 512 512 526.56366306284258 256 256 0.11801215890747119
447 SIMPLE_RADIAL 512 512 524.23700457661482 256 256 0.11221486563155889
448 SIMPLE_RADIAL 512 512 521.88232577930887 256 256 0.10774524546673876
449 SIMPLE_RADIAL 512 512 523.12965059839905 256 256 0.11383644373970102
450 SIMPLE_RADIAL 512 512 525.29975011619126 256 256 0.12602248706361818
451 SIMPLE_RADIAL 512 512 533.97900168418164 256 256 0.12765909202464232
452 SIMPLE_RADIAL 512 512 530.7368281111975 256 256 0.12797089924538996
453 SIMPLE_RADIAL 512 512 529.49307188518208 256 256 0.12019964695765924
454 SIMPLE_RADIAL 512 512 521.93809463954267 256 256 0.096290533104071582
455 SIMPLE_RADIAL 512 512 525.65811530700114 256 256 0.096098151718048017
456 SIMPLE_RADIAL 512 512 530.5263961100037 256 256 0.10560187403254259
457 SIMPLE_RADIAL 512 512 537.63258430776318 256 256 0.12879515105323872
458 SIMPLE_RADIAL 512 512 541.07382735002398 256 256 0.12137554257378275
459 SIMPLE_RADIAL 512 512 542.82039400136966 256 256 0.12574276680915167
460 SIMPLE_RADIAL 512 512 539.88699728903032 256 256 0.1001765363056501
461 SIMPLE_RADIAL 512 512 544.15318501645038 256 256 0.11125937085372947
462 SIMPLE_RADIAL 512 512 551.89961462434053 256 256 0.099942008605744995
463 SIMPLE_RADIAL 512 512 561.84302114949355 256 256 0.11553039216964703
464 SIMPLE_RADIAL 512 512 557.38557677689801 256 256 0.14986282810002335
465 SIMPLE_RADIAL 512 512 594.06612548464409 256 256 0.22689850161229536
466 SIMPLE_RADIAL 512 512 587.83870100279512 256 256 0.23309653524550736
467 SIMPLE_RADIAL 512 512 596.91717086304948 256 256 0.23401223548011016
468 SIMPLE_RADIAL 512 512 602.54117562545866 256 256 0.28909042710525323
469 SIMPLE_RADIAL 512 512 621.95465559427635 256 256 0.35980322984731794
470 SIMPLE_RADIAL 512 512 639.00566289867697 256 256 0.34566841968029521
471 SIMPLE_RADIAL 512 512 654.05214670849125 256 256 0.33386181582883717
472 SIMPLE_RADIAL 512 512 659.10904326625473 256 256 0.36155702450511967
473 SIMPLE_RADIAL 512 512 655.637272527606 256 256 0.36842822180999368
474 SIMPLE_RADIAL 512 512 654.61950869098132 256 256 0.37461759814165285
475 SIMPLE_RADIAL 512 512 652.13118853525532 256 256 0.36548959090174743
476 SIMPLE_RADIAL 512 512 647.18024092387759 256 256 0.30307364337128129
477 SIMPLE_RADIAL 512 512 627.71243000567529 256 256 0.30585797555747213
478 SIMPLE_RADIAL 512 512 619.49514666671769 256 256 0.29088837131338802
479 SIMPLE_RADIAL 512 512 624.78894229570017 256 256 0.28667350947265241
480 SIMPLE_RADIAL 512 512 621.34510618162756 256 256 0.24194796988950534
481 SIMPLE_RADIAL 512 512 618.34421589958151 256 256 0.24288587071377321
482 SIMPLE_RADIAL 512 512 621.20116447392024 256 256 0.28384132817982682
483 SIMPLE_RADIAL 512 512 619.95433805497476 256 256 0.28107100334742346
484 SIMPLE_RADIAL 512 512 646.25260462526239 256 256 0.32499043784301279
485 SIMPLE_RADIAL 512 512 620.83707384658805 256 256 0.23659856770440513
486 SIMPLE_RADIAL 512 512 650.28326015588607 256 256 0.33673298286788994
487 SIMPLE_RADIAL 512 512 660.2208230546787 256 256 0.45235584897733083
488 SIMPLE_RADIAL 512 512 661.34981846526455 256 256 0.54470208402641351
489 SIMPLE_RADIAL 512 512 656.8171640829712 256 256 0.59740040594790211
490 SIMPLE_RADIAL 512 512 656.27780349759973 256 256 0.58479360885882092
491 SIMPLE_RADIAL 512 512 650.35532665423943 256 256 0.6069939511256266
492 SIMPLE_RADIAL 512 512 641.07195429567946 256 256 0.58283974352022583
493 SIMPLE_RADIAL 512 512 632.32967939847811 256 256 0.5525503903298391
494 SIMPLE_RADIAL 512 512 624.96892761698723 256 256 0.52510006823133248
495 SIMPLE_RADIAL 512 512 617.98513190551728 256 256 0.47195145243156322
496 SIMPLE_RADIAL 512 512 613.27224434840616 256 256 0.49617456294918272
497 SIMPLE_RADIAL 512 512 616.69316802116759 256 256 0.43118041805726004
498 SIMPLE_RADIAL 512 512 614.19791743192366 256 256 0.40467992925987206
499 SIMPLE_RADIAL 512 512 606.09701581763795 256 256 0.41528310084357162
500 SIMPLE_RADIAL 512 512 605.78963491881552 256 256 0.41334635024112959
501 SIMPLE_RADIAL 512 512 600.86895934655979 256 256 0.43017751085512707
502 SIMPLE_RADIAL 512 512 605.78520429905359 256 256 0.44964052190006482
503 SIMPLE_RADIAL 512 512 601.62196370861261 256 256 0.49416649619529435
504 SIMPLE_RADIAL 512 512 605.8628364720696 256 256 0.53722070727708915
505 SIMPLE_RADIAL 512 512 600.64116688133174 256 256 0.59023842404626126
506 SIMPLE_RADIAL 512 512 609.90074466737019 256 256 0.57224795600749034
507 SIMPLE_RADIAL 512 512 618.43678188315585 256 256 0.59680098696127948
508 SIMPLE_RADIAL 512 512 620.57784610437147 256 256 0.62035076954182977
509 SIMPLE_RADIAL 512 512 623.8819194970614 256 256 0.60615876134902869
510 SIMPLE_RADIAL 512 512 617.41941954654737 256 256 0.59278391381915607
511 SIMPLE_RADIAL 512 512 619.88245095167417 256 256 0.58895967086651757
512 SIMPLE_RADIAL 512 512 621.02948795297675 256 256 0.58802403134478687
513 SIMPLE_RADIAL 512 512 622.38503936755933 256 256 0.6092942758910711
514 SIMPLE_RADIAL 512 512 625.62994472980779 256 256 0.61857294265429597
515 SIMPLE_RADIAL 512 512 639.75187764824614 256 256 0.61657123286553162
516 SIMPLE_RADIAL 512 512 642.9484282128517 256 256 0.64274642769282231
517 SIMPLE_RADIAL 512 512 648.72656567456829 256 256 0.65987293481386877
518 SIMPLE_RADIAL 512 512 658.47476128868379 256 256 0.64884268013433977
519 SIMPLE_RADIAL 512 512 675.07864982675233 256 256 0.61246292051260987
520 SIMPLE_RADIAL 512 512 657.05887797390733 256 256 0.72479585458658513
521 SIMPLE_RADIAL 512 512 669.38488580468163 256 256 0.71354361123312349
522 SIMPLE_RADIAL 512 512 689.78378570142252 256 256 0.74196297652643439
523 SIMPLE_RADIAL 512 512 695.19733551279671 256 256 0.77271227265893971
524 SIMPLE_RADIAL 512 512 707.32429536467907 256 256 0.8515723735716102
525 SIMPLE_RADIAL 512 512 718.10921966065632 256 256 0.87927243703509184
526 SIMPLE_RADIAL 512 512 727.21950851534382 256 256 0.91002502462173485
527 SIMPLE_RADIAL 512 512 733.16030791345133 256 256 0.89989390205381026
528 SIMPLE_RADIAL 512 512 714.38206763225071 256 256 0.85742537508482264
529 SIMPLE_RADIAL 512 512 690.19401904514211 256 256 0.70283185902548795
530 SIMPLE_RADIAL 512 512 674.30758210282056 256 256 0.61907189216062708
531 SIMPLE_RADIAL 512 512 664.16036471689188 256 256 0.61418964803465748
532 SIMPLE_RADIAL 512 512 646.77867479033318 256 256 0.5215340122895421
533 SIMPLE_RADIAL 512 512 630.54655248730523 256 256 0.46256250841717739
534 SIMPLE_RADIAL 512 512 623.26633808852318 256 256 0.41844519674599234
535 SIMPLE_RADIAL 512 512 626.1019877255078 256 256 0.41078166353395307
536 SIMPLE_RADIAL 512 512 631.28567052819039 256 256 0.41441713403278047
537 SIMPLE_RADIAL 512 512 638.98425439051346 256 256 0.44982178786387184
538 SIMPLE_RADIAL 512 512 646.94820010676131 256 256 0.50397121613927021
539 SIMPLE_RADIAL 512 512 651.49379607833805 256 256 0.53359998703608169
540 SIMPLE_RADIAL 512 512 662.15879581472939 256 256 0.62961769801357703
541 SIMPLE_RADIAL 512 512 692.84785849044943 256 256 0.70016431939841739
542 SIMPLE_RADIAL 512 512 707.08565208564175 256 256 0.73801177323390277
543 SIMPLE_RADIAL 512 512 718.32476403271551 256 256 0.78807531727121194
544 SIMPLE_RADIAL 512 512 725.98281313415043 256 256 0.81112513084992177
545 SIMPLE_RADIAL 512 512 729.71489946723409 256 256 0.78987956060850073
546 SIMPLE_RADIAL 512 512 729.2323803975803 256 256 0.72414812785884963
547 SIMPLE_RADIAL 512 512 722.52365661377689 256 256 0.68627869383665496
548 SIMPLE_RADIAL 512 512 722.25589352570762 256 256 0.63884303337024895
549 SIMPLE_RADIAL 512 512 722.17177155121624 256 256 0.61522104627355834
550 SIMPLE_RADIAL 512 512 706.40290368541878 256 256 0.63152109527793987
551 SIMPLE_RADIAL 512 512 713.49687088757094 256 256 0.58346837838527432
552 SIMPLE_RADIAL 512 512 711.08252265559236 256 256 0.57059327045652208
553 SIMPLE_RADIAL 512 512 707.71563498137493 256 256 0.561244217998352
554 SIMPLE_RADIAL 512 512 709.04079097085094 256 256 0.58783646073589602
555 SIMPLE_RADIAL 512 512 716.57138237086997 256 256 0.60089221165659978
556 SIMPLE_RADIAL 512 512 710.00065462656369 256 256 0.65844285666577795
557 SIMPLE_RADIAL 512 512 728.06814131244687 256 256 0.6833543853484858
558 SIMPLE_RADIAL 512 512 735.9446769233341 256 256 0.74048495078347498
559 SIMPLE_RADIAL 512 512 750.08106200169982 256 256 0.75347647255945671
560 SIMPLE_RADIAL 512 512 759.26326445894279 256 256 0.78606264393502068
561 SIMPLE_RADIAL 512 512 761.51942233167961 256 256 0.77502388133179057
562 SIMPLE_RADIAL 512 512 757.27829545563543 256 256 0.7933986117138615
563 SIMPLE_RADIAL 512 512 748.76053580132532 256 256 0.77179826556861342
564 SIMPLE_RADIAL 512 512 733.44651007694324 256 256 0.73068127229734448
565 SIMPLE_RADIAL 512 512 726.92501634331632 256 256 0.70070060409046786
566 SIMPLE_RADIAL 512 512 716.61923192746201 256 256 0.67069298864306937
567 SIMPLE_RADIAL 512 512 690.7004156331609 256 256 0.69108791244659351
568 SIMPLE_RADIAL 512 512 693.73925706045986 256 256 0.65329661725579646
569 SIMPLE_RADIAL 512 512 686.49712609513813 256 256 0.6393978336308066
570 SIMPLE_RADIAL 512 512 667.51756557098349 256 256 0.56794862169612215
571 SIMPLE_RADIAL 512 512 668.39335496834133 256 256 0.51521658870593778
572 SIMPLE_RADIAL 512 512 594.90509461611805 256 256 0.28402938643376552
573 SIMPLE_RADIAL 512 512 635.30847095251067 256 256 0.56151577035702804
574 SIMPLE_RADIAL 512 512 670.80740364594567 256 256 0.36649234560041016
575 SIMPLE_RADIAL 512 512 652.48074711481138 256 256 0.48604471732902704
576 SIMPLE_RADIAL 512 512 702.05905954219861 256 256 0.51551793749203201
577 SIMPLE_RADIAL 512 512 700.31234353037587 256 256 0.53211607982622144
578 SIMPLE_RADIAL 512 512 684.64591591732847 256 256 0.50969278376880733
579 SIMPLE_RADIAL 512 512 685.9969437547644 256 256 0.47509377020532145
580 SIMPLE_RADIAL 512 512 679.27979166473222 256 256 0.44713725699617646
581 SIMPLE_RADIAL 512 512 669.51987813508515 256 256 0.3873328659154735
582 SIMPLE_RADIAL 512 512 652.0046095670541 256 256 0.36880734461515352
583 SIMPLE_RADIAL 512 512 642.92529050954022 256 256 0.34060458430343826
584 SIMPLE_RADIAL 512 512 628.0834816891014 256 256 0.33908060149928743
585 SIMPLE_RADIAL 512 512 620.88553561149854 256 256 0.32660021261780853
586 SIMPLE_RADIAL 512 512 604.38876074223174 256 256 0.30546221151309433
587 SIMPLE_RADIAL 512 512 607.14590211392294 256 256 0.31429916158636761
588 SIMPLE_RADIAL 512 512 615.78511124129068 256 256 0.30829051178005451
589 SIMPLE_RADIAL 512 512 611.77215564209519 256 256 0.34533288418447594
590 SIMPLE_RADIAL 512 512 600.43269086486202 256 256 0.36668188868725199
591 SIMPLE_RADIAL 512 512 583.93277672900615 256 256 0.30340906252265665
592 SIMPLE_RADIAL 512 512 603.11390839150886 256 256 0.35061195697962544
593 SIMPLE_RADIAL 512 512 627.77086875928774 256 256 0.3895301028634176
594 SIMPLE_RADIAL 512 512 644.49265839101918 256 256 0.44696839115213699
595 SIMPLE_RADIAL 512 512 649.72976151965997 256 256 0.46601838903567405
596 SIMPLE_RADIAL 512 512 655.87101331639894 256 256 0.46204032996954708
597 SIMPLE_RADIAL 512 512 660.37022259447679 256 256 0.50477208138049201
598 SIMPLE_RADIAL 512 512 675.25341418669223 256 256 0.41968204607518822
599 SIMPLE_RADIAL 512 512 685.33072085744334 256 256 0.40883279843712184
600 SIMPLE_RADIAL 512 512 705.7681207520759 256 256 0.42926183767448223
601 SIMPLE_RADIAL 512 512 707.15809660298919 256 256 0.45480018248799375
602 SIMPLE_RADIAL 512 512 716.71576285409026 256 256 0.5099831560475353
603 SIMPLE_RADIAL 512 512 722.83166005914268 256 256 0.5486679640412081
604 SIMPLE_RADIAL 512 512 740.97727581741503 256 256 0.54628772990672003
605 SIMPLE_RADIAL 512 512 749.06990142128961 256 256 0.60629165917546102
606 SIMPLE_RADIAL 512 512 780.97285332809236 256 256 0.66352826007010957
607 SIMPLE_RADIAL 512 512 799.52142102083531 256 256 0.67932063461229175
608 SIMPLE_RADIAL 512 512 800.16279689096746 256 256 0.69640658997376159
609 SIMPLE_RADIAL 512 512 793.40206751166136 256 256 0.69948307383512853
610 SIMPLE_RADIAL 512 512 791.37322074983763 256 256 0.68493409557122209
611 SIMPLE_RADIAL 512 512 776.59933891758442 256 256 0.63984204567865677
612 SIMPLE_RADIAL 512 512 764.41427391166201 256 256 0.64536052228784146
613 SIMPLE_RADIAL 512 512 758.75801495230314 256 256 0.64542804255062691
614 SIMPLE_RADIAL 512 512 768.14732503792504 256 256 0.62689688427662327
615 SIMPLE_RADIAL 512 512 743.87206578587393 256 256 0.72604836871975587
616 SIMPLE_RADIAL 512 512 725.81375721108475 256 256 0.73834684658943728
617 SIMPLE_RADIAL 512 512 720.93319466998241 256 256 0.76862215018403091
618 SIMPLE_RADIAL 512 512 711.18382879227738 256 256 0.91723669461963886
626 SIMPLE_RADIAL 512 512 715.93883845286166 256 256 0.98092021212220004
627 SIMPLE_RADIAL 512 512 701.61621604762547 256 256 0.92711271252229244
628 SIMPLE_RADIAL 512 512 701.67749016838263 256 256 0.82733208910013722
629 SIMPLE_RADIAL 512 512 687.62790407771536 256 256 0.77229642403795973
630 SIMPLE_RADIAL 512 512 692.83031483182526 256 256 0.72596052621759311
631 SIMPLE_RADIAL 512 512 681.41705320597214 256 256 0.68302062437845024
632 SIMPLE_RADIAL 512 512 675.96802510588486 256 256 0.69138455916904706
633 SIMPLE_RADIAL 512 512 682.38833806445643 256 256 0.6698493475431907
634 SIMPLE_RADIAL 512 512 672.74529675297288 256 256 0.68775887986182782
635 SIMPLE_RADIAL 512 512 664.12858936886084 256 256 0.78726609947159099
636 SIMPLE_RADIAL 512 512 667.25577930095119 256 256 0.81397421331907283
637 SIMPLE_RADIAL 512 512 669.10894299107349 256 256 0.83412005357748098
638 SIMPLE_RADIAL 512 512 672.36088578865656 256 256 0.87442411305847234
639 SIMPLE_RADIAL 512 512 668.11007309818615 256 256 0.86727754436735416
640 SIMPLE_RADIAL 512 512 660.55254837080395 256 256 0.83864945148145031
641 SIMPLE_RADIAL 512 512 677.78617259531575 256 256 0.71102484949485678
642 SIMPLE_RADIAL 512 512 667.91256152795347 256 256 0.67156122029416321
643 SIMPLE_RADIAL 512 512 665.25559731110104 256 256 0.60909185433552426
644 SIMPLE_RADIAL 512 512 672.57377687928624 256 256 0.63563839161257474
645 SIMPLE_RADIAL 512 512 683.91582486463597 256 256 0.62886595194628225
646 SIMPLE_RADIAL 512 512 666.48215549042629 256 256 0.61384867862921677
647 SIMPLE_RADIAL 512 512 666.38583097146864 256 256 0.63051923422374223
648 SIMPLE_RADIAL 512 512 666.79426842456621 256 256 0.5944601015478933
649 SIMPLE_RADIAL 512 512 665.14429923563989 256 256 0.60675121022669787
650 SIMPLE_RADIAL 512 512 664.64287512371129 256 256 0.60351472716230004
651 SIMPLE_RADIAL 512 512 679.57106922268815 256 256 0.65408659161141702
652 SIMPLE_RADIAL 512 512 690.08344326436497 256 256 0.71126061787547923
653 SIMPLE_RADIAL 512 512 690.69246504912746 256 256 0.71441027273861413
654 SIMPLE_RADIAL 512 512 713.40783118060619 256 256 0.73142498138304624
655 SIMPLE_RADIAL 512 512 702.0822223161573 256 256 0.76910499371502372
656 SIMPLE_RADIAL 512 512 699.14721746269458 256 256 0.70188814167499836
657 SIMPLE_RADIAL 512 512 688.23158310654208 256 256 0.66044097529414159
658 SIMPLE_RADIAL 512 512 693.22096060078059 256 256 0.65068917776479407
659 SIMPLE_RADIAL 512 512 694.88526946156719 256 256 0.65414818390640617
660 SIMPLE_RADIAL 512 512 691.84695900038139 256 256 0.65347608463779294
661 SIMPLE_RADIAL 512 512 689.99670920176527 256 256 0.63593333854998035
662 SIMPLE_RADIAL 512 512 691.3251284397586 256 256 0.62115694393466148
663 SIMPLE_RADIAL 512 512 692.46094579643193 256 256 0.55310352164832233
664 SIMPLE_RADIAL 512 512 693.95964824644534 256 256 0.60002627101658013
665 SIMPLE_RADIAL 512 512 702.65639375002718 256 256 0.63553707478723986
666 SIMPLE_RADIAL 512 512 711.49456944379153 256 256 0.6544456515328414
667 SIMPLE_RADIAL 512 512 709.00702357207228 256 256 0.67933060263230682
668 SIMPLE_RADIAL 512 512 722.45294366871201 256 256 0.68976662440912495
669 SIMPLE_RADIAL 512 512 725.41728993057234 256 256 0.70376800687376284
670 SIMPLE_RADIAL 512 512 712.43373870777225 256 256 0.7009648399331373
671 SIMPLE_RADIAL 512 512 712.52861959228926 256 256 0.66587849723719195
672 SIMPLE_RADIAL 512 512 692.06473242322318 256 256 0.60811931687552434
673 SIMPLE_RADIAL 512 512 696.10700401650615 256 256 0.56709595039250615
674 SIMPLE_RADIAL 512 512 685.19791737462356 256 256 0.54057988442702043
675 SIMPLE_RADIAL 512 512 684.4557436158392 256 256 0.49977407199964996
676 SIMPLE_RADIAL 512 512 672.29197502530167 256 256 0.48276135698397282
677 SIMPLE_RADIAL 512 512 646.91063573365534 256 256 0.38573194452871962
678 SIMPLE_RADIAL 512 512 624.16750299179921 256 256 0.35751355147812736
679 SIMPLE_RADIAL 512 512 587.71012059812665 256 256 0.19137601392477091
680 SIMPLE_RADIAL 512 512 580.6770874653032 256 256 0.16702660127033309
681 SIMPLE_RADIAL 512 512 588.34394702883606 256 256 0.15353523100610975
682 SIMPLE_RADIAL 512 512 638.29973437726858 256 256 0.4916450964242251
683 SIMPLE_RADIAL 512 512 683.16667592332783 256 256 0.32479921796595984
684 SIMPLE_RADIAL 512 512 669.58318826785796 256 256 0.37989560854947313
685 SIMPLE_RADIAL 512 512 660.33575150189859 256 256 0.34433167632000405
686 SIMPLE_RADIAL 512 512 648.58258620557797 256 256 0.31496477949174206
687 SIMPLE_RADIAL 512 512 643.50920910190507 256 256 0.32931718454776515
688 SIMPLE_RADIAL 512 512 596.9242981655284 256 256 0.31462610330337942
689 SIMPLE_RADIAL 512 512 599.76447195175945 256 256 0.24857541957336288
690 SIMPLE_RADIAL 512 512 590.88432953575455 256 256 0.205500546131515
691 SIMPLE_RADIAL 512 512 599.30397368853301 256 256 0.22590029971347239
692 SIMPLE_RADIAL 512 512 608.43728278209971 256 256 0.21143901572562823
693 SIMPLE_RADIAL 512 512 621.40475349747771 256 256 0.22233338843098616
694 SIMPLE_RADIAL 512 512 627.01771582064123 256 256 0.25695876726823619
695 SIMPLE_RADIAL 512 512 635.94519438893076 256 256 0.272133398263112
696 SIMPLE_RADIAL 512 512 634.00185217351589 256 256 0.28759895069045721
697 SIMPLE_RADIAL 512 512 685.52865929329084 256 256 0.36213326890279757
698 SIMPLE_RADIAL 512 512 696.32545396664125 256 256 0.37020144885881645
699 SIMPLE_RADIAL 512 512 705.2675290866124 256 256 0.35251557016515744
700 SIMPLE_RADIAL 512 512 703.41151935526921 256 256 0.37290099213838346
701 SIMPLE_RADIAL 512 512 700.05764675136083 256 256 0.40559995909515667
702 SIMPLE_RADIAL 512 512 692.98523808575715 256 256 0.45321886611895501
703 SIMPLE_RADIAL 512 512 693.2708979589579 256 256 0.40842135955528308
704 SIMPLE_RADIAL 512 512 700.57016844054431 256 256 0.36712446579232616
705 SIMPLE_RADIAL 512 512 709.817138076471 256 256 0.40722080723333676
706 SIMPLE_RADIAL 512 512 702.85758890764282 256 256 0.52035907206902898
707 SIMPLE_RADIAL 512 512 721.92379749581914 256 256 0.45446218806920807
708 SIMPLE_RADIAL 512 512 729.55936291001888 256 256 0.5385440117267456
709 SIMPLE_RADIAL 512 512 774.09966443998303 256 256 0.60528095986607355
710 SIMPLE_RADIAL 512 512 759.00223362324846 256 256 0.73543437736568829
711 SIMPLE_RADIAL 512 512 754.71382554683169 256 256 0.90682946622673377
722 SIMPLE_RADIAL 512 512 703.68802271945458 256 256 0.98566575889081998
723 SIMPLE_RADIAL 512 512 683.58769120856709 256 256 0.83379665989488372
724 SIMPLE_RADIAL 512 512 667.3534236660945 256 256 0.75349020767749841
725 SIMPLE_RADIAL 512 512 647.74299448956026 256 256 0.64804466327732468
726 SIMPLE_RADIAL 512 512 633.9752071826972 256 256 0.56308043804655705
727 SIMPLE_RADIAL 512 512 622.52883488359794 256 256 0.52264746981007937
728 SIMPLE_RADIAL 512 512 601.40039072996524 256 256 0.44149674914740522
729 SIMPLE_RADIAL 512 512 590.07073099527474 256 256 0.43006936654937505
730 SIMPLE_RADIAL 512 512 587.00026130189906 256 256 0.36598589057436159
731 SIMPLE_RADIAL 512 512 573.63731356398 256 256 0.34287187712308753
732 SIMPLE_RADIAL 512 512 579.23965297232985 256 256 0.29743248660474936
733 SIMPLE_RADIAL 512 512 573.79762708930389 256 256 0.25455166685941499
734 SIMPLE_RADIAL 512 512 572.96501083641715 256 256 0.19962159455557552
735 SIMPLE_RADIAL 512 512 562.39273925966859 256 256 0.16636799586362225
736 SIMPLE_RADIAL 512 512 559.55076131994417 256 256 0.18409963607050567
737 SIMPLE_RADIAL 512 512 566.79405183925473 256 256 0.13882582061532583
738 SIMPLE_RADIAL 512 512 567.10852609988274 256 256 0.12698828460729475
739 SIMPLE_RADIAL 512 512 578.16000909273134 256 256 0.09882581457969708
740 SIMPLE_RADIAL 512 512 593.45002767729045 256 256 0.10353817935111342
741 SIMPLE_RADIAL 512 512 592.06247952290119 256 256 0.088162247632810053
742 SIMPLE_RADIAL 512 512 617.88346081167253 256 256 0.15972408745505706
743 SIMPLE_RADIAL 512 512 623.42375873245169 256 256 0.19392362922588846
744 SIMPLE_RADIAL 512 512 619.31863597143433 256 256 0.27455278229510721
745 SIMPLE_RADIAL 512 512 625.01979300392259 256 256 0.33247806161352633
746 SIMPLE_RADIAL 512 512 645.66460544310269 256 256 0.2795437409154839
747 SIMPLE_RADIAL 512 512 637.99949350689599 256 256 0.38406518773556064
748 SIMPLE_RADIAL 512 512 651.54347445785652 256 256 0.45297983850018858
749 SIMPLE_RADIAL 512 512 660.65908446250353 256 256 0.38871375644300243
750 SIMPLE_RADIAL 512 512 668.33007387515488 256 256 0.4727254024622885
751 SIMPLE_RADIAL 512 512 671.04223321307768 256 256 0.4800579639319405
752 SIMPLE_RADIAL 512 512 688.50530933138339 256 256 0.44719213798030405
753 SIMPLE_RADIAL 512 512 694.12320260961269 256 256 0.43457771264916412
754 SIMPLE_RADIAL 512 512 741.83810172646861 256 256 0.52857631889859502
755 SIMPLE_RADIAL 512 512 744.12610296957644 256 256 0.56963493849588742
756 SIMPLE_RADIAL 512 512 753.28559097827963 256 256 0.5096869288438054
757 SIMPLE_RADIAL 512 512 748.9208262825598 256 256 0.54737955692268636
758 SIMPLE_RADIAL 512 512 748.09810449446752 256 256 0.56007091572750334
759 SIMPLE_RADIAL 512 512 739.71757651570363 256 256 0.55192243780952832
760 SIMPLE_RADIAL 512 512 742.94193905486713 256 256 0.57625493002405315
761 SIMPLE_RADIAL 512 512 739.07394091699302 256 256 0.59788620224657785
762 SIMPLE_RADIAL 512 512 751.15017560291301 256 256 0.60967425142812204
763 SIMPLE_RADIAL 512 512 767.22228576872976 256 256 0.63299905681141311
764 SIMPLE_RADIAL 512 512 764.86022247902883 256 256 0.6707965712749524
765 SIMPLE_RADIAL 512 512 782.23895604999598 256 256 0.67091162524782966
766 SIMPLE_RADIAL 512 512 782.64811976170552 256 256 0.67267499699654321
767 SIMPLE_RADIAL 512 512 783.47054206124972 256 256 0.63806901519652393
768 SIMPLE_RADIAL 512 512 779.43708437693294 256 256 0.61179393011091099
769 SIMPLE_RADIAL 512 512 759.93573679579026 256 256 0.63871307904752139
770 SIMPLE_RADIAL 512 512 767.71488246519357 256 256 0.54059399829849453
771 SIMPLE_RADIAL 512 512 772.62579001429538 256 256 0.56159277347895142
772 SIMPLE_RADIAL 512 512 774.46408860519739 256 256 0.55500491766492344
773 SIMPLE_RADIAL 512 512 755.67259160148569 256 256 0.55639653278348133
774 SIMPLE_RADIAL 512 512 746.66615407315953 256 256 0.53491779698288178
775 SIMPLE_RADIAL 512 512 744.22161127121353 256 256 0.57666109231136131
776 SIMPLE_RADIAL 512 512 728.61871774645442 256 256 0.57613592293387361
777 SIMPLE_RADIAL 512 512 703.48851775052992 256 256 0.54657198035411891
778 SIMPLE_RADIAL 512 512 680.43602367996209 256 256 0.5675363767824082
779 SIMPLE_RADIAL 512 512 669.53280519357213 256 256 0.48956331669948544
780 SIMPLE_RADIAL 512 512 660.28573514653795 256 256 0.47635171682182703
781 SIMPLE_RADIAL 512 512 638.76345550707856 256 256 0.4015093809140261
782 SIMPLE_RADIAL 512 512 622.6740072836559 256 256 0.34787421555409659
783 SIMPLE_RADIAL 512 512 616.88215428693161 256 256 0.32642829598389228
784 SIMPLE_RADIAL 512 512 601.05954672964549 256 256 0.33307088958388165
785 SIMPLE_RADIAL 512 512 596.87724249036739 256 256 0.33012723812320355
786 SIMPLE_RADIAL 512 512 589.7734456587923 256 256 0.30748112229278129
787 SIMPLE_RADIAL 512 512 584.2820656712679 256 256 0.29174691759891203
788 SIMPLE_RADIAL 512 512 581.96002857638678 256 256 0.251297414147647
789 SIMPLE_RADIAL 512 512 576.88470841763706 256 256 0.2170383656469014
790 SIMPLE_RADIAL 512 512 573.73689936904975 256 256 0.19127535929026515
791 SIMPLE_RADIAL 512 512 571.49648767292479 256 256 0.17584481524028236
792 SIMPLE_RADIAL 512 512 575.16295268783415 256 256 0.17630532638870031
793 SIMPLE_RADIAL 512 512 581.39317660192819 256 256 0.17088123006737591
794 SIMPLE_RADIAL 512 512 582.26243825927293 256 256 0.16389015416684138
795 SIMPLE_RADIAL 512 512 587.1798641500601 256 256 0.17053698951214816
796 SIMPLE_RADIAL 512 512 587.29333762065505 256 256 0.20251151594584041
797 SIMPLE_RADIAL 512 512 583.99212795897472 256 256 0.23729550236577762
798 SIMPLE_RADIAL 512 512 579.60629725302101 256 256 0.24408290068648281
799 SIMPLE_RADIAL 512 512 581.25919377327386 256 256 0.25614222681082111
800 SIMPLE_RADIAL 512 512 584.16424806515454 256 256 0.26984443050333723
801 SIMPLE_RADIAL 512 512 585.0627783742749 256 256 0.27405134547955368
802 SIMPLE_RADIAL 512 512 587.51283138875647 256 256 0.27664554806851882
803 SIMPLE_RADIAL 512 512 592.28969974766255 256 256 0.28950957653239712
804 SIMPLE_RADIAL 512 512 593.73894019277236 256 256 0.28516966136287814
805 SIMPLE_RADIAL 512 512 599.07477980082695 256 256 0.27906468376364679
806 SIMPLE_RADIAL 512 512 601.70490695378408 256 256 0.29251400461564608
807 SIMPLE_RADIAL 512 512 601.80842638241734 256 256 0.27074405557877584
808 SIMPLE_RADIAL 512 512 603.61077184676981 256 256 0.27364478108611617
809 SIMPLE_RADIAL 512 512 613.59718257472218 256 256 0.27963761420683436
810 SIMPLE_RADIAL 512 512 615.18403362769629 256 256 0.25634096592769612
811 SIMPLE_RADIAL 512 512 615.54930604741094 256 256 0.24365864148895272
812 SIMPLE_RADIAL 512 512 666.56436074985288 256 256 0.22762060830936326
813 SIMPLE_RADIAL 512 512 521.8078251683969 256 256 0.055973534544842607
814 SIMPLE_RADIAL 512 512 519.76120973564491 256 256 0.038386125519573239
815 SIMPLE_RADIAL 512 512 517.84605377257844 256 256 0.068560765222189068
816 SIMPLE_RADIAL 512 512 515.84840898938194 256 256 0.063570355552576216
817 SIMPLE_RADIAL 512 512 508.79047968606807 256 256 0.051650446603334496
818 SIMPLE_RADIAL 512 512 496.88526317254548 256 256 0.04711368452431007
819 SIMPLE_RADIAL 512 512 492.66164086150314 256 256 -0.015807423581582308
820 SIMPLE_RADIAL 512 512 497.38671399827291 256 256 -0.010424684911353352
821 SIMPLE_RADIAL 512 512 491.67864389630284 256 256 -0.0091495738488542658
822 SIMPLE_RADIAL 512 512 494.29324461587709 256 256 -0.0021786769183821408
823 SIMPLE_RADIAL 512 512 495.98181479214662 256 256 0.01746245886668945
824 SIMPLE_RADIAL 512 512 496.79638417972319 256 256 0.042791879389235968
825 SIMPLE_RADIAL 512 512 499.97646639705374 256 256 0.05456683207225687
826 SIMPLE_RADIAL 512 512 498.20170288202951 256 256 0.032009975288526456
827 SIMPLE_RADIAL 512 512 507.47613896763721 256 256 0.031885522696905512
828 SIMPLE_RADIAL 512 512 507.26998539633041 256 256 0.02348765378439378
829 SIMPLE_RADIAL 512 512 517.43820147859526 256 256 0.022333807658874136
830 SIMPLE_RADIAL 512 512 524.82258952057987 256 256 0.052147478534093919
831 SIMPLE_RADIAL 512 512 527.98999125937758 256 256 0.047791002105096701
832 SIMPLE_RADIAL 512 512 529.30335364752989 256 256 0.046046338663021082
833 SIMPLE_RADIAL 512 512 531.50015056220809 256 256 0.052624335298788592
834 SIMPLE_RADIAL 512 512 533.700597515872 256 256 0.052503868615634094
835 SIMPLE_RADIAL 512 512 533.93139290349666 256 256 0.056569962415802116
836 SIMPLE_RADIAL 512 512 537.98492770568123 256 256 0.074132775317645436
837 SIMPLE_RADIAL 512 512 537.98297771749844 256 256 0.086064186801931605
838 SIMPLE_RADIAL 512 512 536.55867302026229 256 256 0.083363534205655204
839 SIMPLE_RADIAL 512 512 537.30726050752048 256 256 0.079712273976142251
840 SIMPLE_RADIAL 512 512 535.48496052332962 256 256 0.076030334402037006
841 SIMPLE_RADIAL 512 512 532.62481038544888 256 256 0.067326987577719793
842 SIMPLE_RADIAL 512 512 539.01908630523042 256 256 0.062419547352086498
843 SIMPLE_RADIAL 512 512 527.74781045943735 256 256 0.079358248122305103
844 SIMPLE_RADIAL 512 512 524.32883770629576 256 256 0.085936074712538973
845 SIMPLE_RADIAL 512 512 518.55141163377391 256 256 0.079382135969450818
846 SIMPLE_RADIAL 512 512 524.88252786256874 256 256 0.068944589964124364
847 SIMPLE_RADIAL 512 512 539.57056559652892 256 256 0.063390649930999535
848 SIMPLE_RADIAL 512 512 539.07551793729692 256 256 0.042005869726712559
849 SIMPLE_RADIAL 512 512 534.8069018320549 256 256 0.051995448909278326
